3450
4632
6730
4831
4905
5790
2640
3991
5931
1474
7991
2886
4413
2660
1283
2271
8132
1335
1321
1480
4167
3083
7477
4785
8275
8244
2527
4675
6668
8303
1272
1295
3622
2595
8579
6187
3837
1298
2769
3308
4991
4574
4258
3323
2611
5544
1284
8064
1313
1348
1295
2517
1306
5793
4110
6576
5473
3443
1308
1258
1263
1313
1326
5070
3823
7810
2551
6021
3075
1313
5441
4772
1251
1263
2956
1294
1274
1314
1290
1311
1329
1283
1307
1266
1303
1290
1261
1314
1287
5768
4500
6157
1279
4740
1303
3717
1301
1503
3464
2715
2217
4983
3475
2575
6293
1259
1293
1700
5118
2689
1433
4279
2543
2608
2605
3252
